 1.5 10.5 0
 2.16772 10.4619 0.0744194


 1.5 10.5 0
 1.73544 10.8188 0.0314581


 1.5 10.5 0
 1.26399 10.8063 0.34007


 1.5 10.5 0
 1.67121 10.4709 0.395732


 1.5 10.5 0
 1.11696 10.0984 0.302133


 4.49172 8.15415 0.163843
 4.8739 7.60364 0.0921428


 4.49172 8.15415 0.163843
 4.95145 8.50147 0.42352


 4.49172 8.15415 0.163843
 4.25752 7.78571 0.317357


 4.8739 7.60364 0.0921428
 4.80171 6.95692 -0.0184102


 4.8739 7.60364 0.0921428
 4.89635 7.5405 1.37015


 4.42758 7.32389 1.93934
 4.53365 7.54515 1.86958


 4.42758 7.32389 1.93934
 4.5813 7.18486 2.281


 4.42758 7.32389 1.93934
 4.41144 7.24267 2.10679


 4.42758 7.32389 1.93934
 4.48548 6.8877 2.47133


 3.94543 8.59392 0.173256
 4.49172 8.15415 0.163843


 3.94543 8.59392 0.173256
 3.756 8.73898 0.529393


 3.94543 8.59392 0.173256
 3.63476 8.23083 -0.283058


 3.94543 8.59392 0.173256
 3.95243 8.76708 -0.713801


 4.80171 6.95692 -0.0184102
 5.45 6.86016 -0.119505


 4.80171 6.95692 -0.0184102
 4.37941 6.55355 0.225645


 4.80171 6.95692 -0.0184102
 4.67882 7.05445 -1.11666


 4.80171 6.95692 -0.0184102
 4.72109 6.71275 0.0700406


 4.89635 7.5405 1.37015
 4.76785 7.21607 1.2412


 4.89635 7.5405 1.37015
 4.93381 7.82148 2.20611


 4.95145 8.50147 0.42352
 4.96069 8.61893 1.17592


 4.95145 8.50147 0.42352
 4.95827 9.19827 0.441884


 4.76785 7.21607 1.2412
 4.42758 7.32389 1.93934


 4.76785 7.21607 1.2412
 4.81287 7.31864 1.13926


 4.71789 7.67 -1.53516
 4.70806 8.19414 -1.89873


 4.71789 7.67 -1.53516
 4.79529 7.55063 -2.00469


 4.70806 8.19414 -1.89873
 4.43104 8.20194 -2.65449


 4.96069 8.61893 1.17592
 4.45931 8.6688 1.05887


 3.56466 7.64213 -1.17916
 4.1701 7.8455 -1.04449


 4.1701 7.8455 -1.04449
 3.97342 7.39807 -0.707877


 4.1701 7.8455 -1.04449
 4.25068 7.65669 -0.49709


 4.1701 7.8455 -1.04449
 4.04569 8.11509 -1.37903


 4.25752 7.78571 0.317357
 4.47418 7.71938 0.915369


 4.25752 7.78571 0.317357
 4.35287 7.35474 0.230042


 3.25515 6.59163 0.388605
 3.66004 6.89692 0.257321


 4.67834 8.943 2.2253
 4.61843 8.53807 2.16671


 4.67834 8.943 2.2253
 4.48465 9.00415 -3.05208


 4.61843 8.53807 2.16671
 4.29955 8.80297 2.15909


 4.43104 8.20194 -2.65449
 4.97404 7.75313 -2.65669


 4.43104 8.20194 -2.65449
 4.11773 8.52352 -2.14041


 4.43104 8.20194 -2.65449
 4.26322 7.90214 -2.27724


 3.97342 7.39807 -0.707877
 4.01268 7.18462 -0.700086


 3.97342 7.39807 -0.707877
 3.77312 7.37034 -0.743461


 4.35287 7.35474 0.230042
 4.09685 7.48078 0.225162


 4.35287 7.35474 0.230042
 4.29121 7.03741 0.479605


 4.29955 8.80297 2.15909
 4.09581 8.6907 2.09733


 3.26836 7.56923 1.02162
 3.39387 7.83776 0.714157


 3.26836 7.56923 1.02162
 3.36374 6.96794 1.02374


 2.10615 9.25259 -0.60638
 2.59735 8.97266 -0.325083


 2.59735 8.97266 -0.325083
 2.93642 8.95564 0.208684


 3.09982 9.60613 0.120476
 3.67696 9.24644 0.172399


 3.09982 9.60613 0.120476
 3.17011 9.51738 1.30608


 3.09982 9.60613 0.120476
 3.37527 10.0985 0.404157


 3.67696 9.24644 0.172399
 3.94543 8.59392 0.173256


 3.67696 9.24644 0.172399
 3.56499 8.97719 -0.0748455


 3.67696 9.24644 0.172399
 4.00779 9.45756 -0.454728


 3.67696 9.24644 0.172399
 3.95862 9.34935 0.0736992


 3.756 8.73898 0.529393
 3.84348 8.89567 0.938836


 3.63476 8.23083 -0.283058
 3.22225 7.86818 0.0304696


 3.63476 8.23083 -0.283058
 3.29153 8.44171 -0.440846


 3.22225 7.86818 0.0304696
 3.3019 7.66137 -0.050649


 3.22225 7.86818 0.0304696
 3.1019 7.70065 1.02994


 3.56499 8.97719 -0.0748455
 3.22671 8.81825 -0.739354


 3.84348 8.89567 0.938836
 3.59797 9.13078 1.32575


 6.63147 6.88537 0.16072
 6.31617 6.92816 -0.174785


 6.63147 6.88537 0.16072
 6.92822 6.93375 -0.648916


 6.31617 6.92816 -0.174785
 6.21261 6.74859 -0.464756


 5.45 6.86016 -0.119505
 6.00305 6.63724 0.099957


 5.45 6.86016 -0.119505
 5.35989 6.81427 -1.06142


 6.00305 6.63724 0.099957
 5.75008 6.54273 0.467686


 6.00305 6.63724 0.099957
 6.63147 6.88537 0.16072


 6.00305 6.63724 0.099957
 6.06441 6.68187 1.36025


 6.00305 6.63724 0.099957
 6.25722 6.5036 0.579949


 6.00305 6.63724 0.099957
 5.8203 6.20974 -0.382216


 6.21261 6.74859 -0.464756
 5.98253 6.82733 -0.298417


 5.11122 6.03572 -1.81943
 5.15875 6.25846 -1.74655


 5.11122 6.03572 -1.81943
 5.18544 6.08657 -2.58085


 5.15875 6.25846 -1.74655
 5.06788 6.25532 -1.9124


 4.37941 6.55355 0.225645
 4.36068 5.96129 0.452576


 4.67882 7.05445 -1.11666
 4.30223 7.34958 -1.57177


 4.67882 7.05445 -1.11666
 4.6242 6.91942 -1.96038


 4.30223 7.34958 -1.57177
 4.71789 7.67 -1.53516


 4.30223 7.34958 -1.57177
 3.74141 7.35106 -1.86215


 5.35989 6.81427 -1.06142
 5.40345 6.61255 -1.0583


 5.40345 6.61255 -1.0583
 5.18951 6.44802 -0.964574


 5.40345 6.61255 -1.0583
 5.67257 6.73483 -1.27451


 4.66889 6.05955 0.791789
 4.68599 6.32704 0.675353


 4.66889 6.05955 0.791789
 4.80581 6.04456 0.778212


 6.84849 3.483 -1.38263
 6.27894 3.14978 -1.47494


 6.84849 3.483 -1.38263
 7.03684 3.0806 -1.90606


 6.84849 3.483 -1.38263
 6.98761 3.45663 -0.861324


 6.27894 3.14978 -1.47494
 5.66183 3.01427 -1.32653


 3.32759 2.10366 -2.94127
 3.86596 2.39068 -3.1331


 3.32759 2.10366 -2.94127
 3.46578 1.4256 -2.91323


 3.32759 2.10366 -2.94127
 3.42328 2.05623 -2.32268


 3.86596 2.39068 -3.1331
 4.17338 2.76253 -2.68602


 3.86596 2.39068 -3.1331
 4.34829 2.36848 2.99716


 4.34829 2.36848 2.99716
 4.80164 2.12333 2.61591


 4.34829 2.36848 2.99716
 4.66316 2.96863 3.05372


 4.34829 2.36848 2.99716
 4.1538 2.18935 2.73492


 4.34829 2.36848 2.99716
 4.31744 2.4016 -1.96453


 4.34829 2.36848 2.99716
 4.32598 2.30889 -2.64562


 4.80164 2.12333 2.61591
 5.0686 2.35625 2.92693


 3.1942 2.55107 2.86363
 3.32759 2.10366 -2.94127


 3.1942 2.55107 2.86363
 3.22005 2.23361 2.71432


 3.1942 2.55107 2.86363
 2.9473 3.09253 2.64178


 3.46578 1.4256 -2.91323
 3.42688 1.3718 2.91335


 3.46578 1.4256 -2.91323
 3.90847 1.33148 -2.40637


 3.46578 1.4256 -2.91323
 3.19309 1.39561 -2.69798


 3.90847 1.33148 -2.40637
 4.36876 1.13305 -2.81593


 3.90847 1.33148 -2.40637
 3.43774 0.950601 -2.20539


 4.36876 1.13305 -2.81593
 4.49482 1.04946 2.35774


 4.36876 1.13305 -2.81593
 4.65883 0.680011 -2.47979


 5.65052 3.06576 1.15142
 5.52152 3.17694 1.58598


 5.65052 3.06576 1.15142
 5.79596 3.10261 0.840601


 5.65052 3.06576 1.15142
 5.57986 3.16145 1.26484


 4.17338 2.76253 -2.68602
 3.84144 2.65756 -2.57549


 4.66316 2.96863 3.05372
 4.26953 3.04827 2.94109


 4.66316 2.96863 3.05372
 4.59978 2.6957 -2.98599


 4.66316 2.96863 3.05372
 4.57434 3.2343 -2.37769


 4.31744 2.4016 -1.96453
 4.69486 2.02222 -1.90651


 4.26727 2.03128 0.816536
 4.84388 2.1883 1.03335


 4.26727 2.03128 0.816536
 4.20995 1.74991 -0.0212004


 4.84388 2.1883 1.03335
 4.67449 2.34814 0.914155


 4.49482 1.04946 2.35774
 4.90897 1.21349 2.12057


 4.49482 1.04946 2.35774
 4.55962 0.804462 1.49036


 4.90897 1.21349 2.12057
 4.7643 1.61965 2.35613


 5.36818 1.87446 -1.8717
 5.21233 1.73443 -2.86469


 5.36818 1.87446 -1.8717
 5.64169 1.94857 -2.07034


 4.59978 2.6957 -2.98599
 4.63359 2.68739 3.03223


 4.65883 0.680011 -2.47979
 4.66907 0.849767 3.02523


 4.65883 0.680011 -2.47979
 4.78514 1.0295 -1.99623


 3.19309 1.39561 -2.69798
 3.06486 1.61476 3.09086


 5.25545 2.04845 0.0331447
 4.80414 1.7477 0.360493


 5.25545 2.04845 0.0331447
 5.74871 2.2446 -0.317231


 3.43986 0.568185 0.169001
 3.54958 0.810113 -0.289107


 3.43986 0.568185 0.169001
 3.28688 0.585081 0.404935


 3.43774 0.950601 -2.20539
 3.48279 1.03637 -2.71042


 3.43774 0.950601 -2.20539
 3.0747 1.26738 -1.75698


 3.43774 0.950601 -2.20539
 3.39611 0.685484 -1.33009


 3.48279 1.03637 -2.71042
 3.47437 0.992926 -2.47082


 3.48279 1.03637 -2.71042
 3.36838 0.729943 2.81492


 3.39611 0.685484 -1.33009
 3.8918 0.721792 -0.912086


 3.39611 0.685484 -1.33009
 3.14178 0.710539 -0.828641


 3.8918 0.721792 -0.912086
 4.05635 1.36586 -0.994612


 3.8918 0.721792 -0.912086
 3.68662 0.7477 -0.997268


 3.8918 0.721792 -0.912086
 3.97807 0.544792 0.106132


 3.36838 0.729943 2.81492
 3.61304 0.71773 1.89283


 3.97807 0.544792 0.106132
 4.16409 0.553898 0.481254


 3.97807 0.544792 0.106132
 3.43986 0.568185 0.169001


 4.16409 0.553898 0.481254
 4.37152 0.867387 0.397001


 4.16409 0.553898 0.481254
 3.97483 0.721081 1.06414


 3.51015 2.11408 -0.662989
 3.41962 1.93173 -1.3768


 3.51015 2.11408 -0.662989
 3.42377 1.93802 0.222276


 5.77862 3.82663 -2.34631
 5.62098 4.22104 -2.90885


 4.97275 3.11436 -1.23677
 4.90837 3.65257 -1.56471


 4.97275 3.11436 -1.23677
 4.89854 2.85479 -1.58346


 4.08698 3.15572 -0.357422
 4.36357 2.91768 -0.179799


 4.08698 3.15572 -0.357422
 4.18565 3.09405 -1.51406


 4.08698 3.15572 -0.357422
 3.61345 2.72354 -0.48726


 4.08698 3.15572 -0.357422
 3.94344 3.29286 -0.373184


 4.08698 3.15572 -0.357422
 4.38841 3.67731 -0.150243


 4.36357 2.91768 -0.179799
 4.97082 3.01566 -0.361608


 4.36357 2.91768 -0.179799
 4.29311 2.99371 -0.0552913


 3.61345 2.72354 -0.48726
 3.51015 2.11408 -0.662989


 3.61345 2.72354 -0.48726
 3.6685 3.1357 -0.503925


 3.61345 2.72354 -0.48726
 3.68407 2.66564 -0.51852


 3.61345 2.72354 -0.48726
 2.98224 2.6136 -0.356651


 4.97082 3.01566 -0.361608
 4.97275 3.11436 -1.23677


 4.20995 1.74991 -0.0212004
 3.8892 1.63967 0.408167


 3.68407 2.66564 -0.51852
 4.1275 2.56476 -0.671808


 4.1275 2.56476 -0.671808
 3.97881 2.4093 -0.409963


 3.45183 3.49371 -1.21683
 3.63987 3.21667 -1.15639


 3.45183 3.49371 -1.21683
 3.59709 3.46284 -0.101801


 3.45183 3.49371 -1.21683
 3.47267 3.51234 -0.554383


 6.99132 3.61929 -0.36546
 7.36499 3.2283 -0.695815


 6.99132 3.61929 -0.36546
 6.84849 3.483 -1.38263


 6.60347 4.35605 -1.89086
 6.57238 4.40069 -2.62322


 6.60347 4.35605 -1.89086
 7.23563 4.17159 -1.79588


 6.57238 4.40069 -2.62322
 6.494 4.40419 2.40485


 6.57238 4.40069 -2.62322
 6.76841 4.9231 -2.32715


 6.5946 4.36822 -0.233047
 6.4938 3.8821 -0.652151


 6.5946 4.36822 -0.233047
 6.63351 4.29036 -1.471


 6.5946 4.36822 -0.233047
 7.04886 4.30196 -0.0407577


 6.5946 4.36822 -0.233047
 6.3385 4.09627 -0.322805


 6.4938 3.8821 -0.652151
 6.44311 3.93584 -1.28084


 6.4938 3.8821 -0.652151
 6.99132 3.61929 -0.36546


 6.63351 4.29036 -1.471
 6.19898 4.02088 -1.86042


 6.63351 4.29036 -1.471
 6.60347 4.35605 -1.89086


 6.63351 4.29036 -1.471
 6.67359 4.14292 -1.6768


 6.19898 4.02088 -1.86042
 5.77862 3.82663 -2.34631


 6.19898 4.02088 -1.86042
 6.05994 3.52556 -1.95792


 7.03684 3.0806 -1.90606
 7.16828 3.45275 -2.52873


 7.03684 3.0806 -1.90606
 7.09166 3.19192 -1.86511


 6.44311 3.93584 -1.28084
 6.58052 3.95262 -1.45918


 7.23563 4.17159 -1.79588
 7.17473 4.08401 -1.63563


 7.16828 3.45275 -2.52873
 6.56184 3.62373 -2.68061


 7.16828 3.45275 -2.52873
 7.0297 3.3893 2.75557


 6.494 4.40419 2.40485
 6.43169 4.20277 2.55322


 6.43169 4.20277 2.55322
 6.48326 4.01899 2.94869


 6.43169 4.20277 2.55322
 6.47415 4.29085 2.90875


 6.43169 4.20277 2.55322
 6.58562 4.13384 2.18536


 6.05994 3.52556 -1.95792
 6.25772 3.50045 -2.40553


 6.05994 3.52556 -1.95792
 5.67267 3.23811 -2.13493


 7.07613 4.71977 -2.77874
 7.23584 4.51254 -2.43727


 7.07613 4.71977 -2.77874
 7.16515 4.67173 2.6658


 7.17473 4.08401 -1.63563
 7.03611 3.9814 -2.41911


 7.17473 4.08401 -1.63563
 7.20091 4.17662 -1.39193


 6.47415 4.29085 2.90875
 6.53879 4.22942 2.75406


 7.03611 3.9814 -2.41911
 7.08633 4.16157 -2.85966


 7.20091 4.17662 -1.39193
 7.0859 4.39474 -1.42191


 7.0297 3.3893 2.75557
 7.0614 3.08238 2.07573


 9.91088 0.991853 -0.750816
 9.62163 0.934202 0.0713435


 9.62163 0.934202 0.0713435
 9.58987 1.38167 0.586184


 9.62163 0.934202 0.0713435
 9.2125 1.33815 -0.190796


 9.62163 0.934202 0.0713435
 9.39548 0.866252 -0.414525


 8.46147 0.553083 -1.27679
 9.07861 0.867302 -1.24981


 8.46147 0.553083 -1.27679
 8.45493 0.736313 -0.231447


 9.07861 0.867302 -1.24981
 9.66005 0.759606 -1.47917


 9.07861 0.867302 -1.24981
 8.53261 1.17507 -1.0984


 9.66005 0.759606 -1.47917
 9.77703 1.2292 -1.92331


 9.66005 0.759606 -1.47917
 9.91088 0.991853 -0.750816


 9.77703 1.2292 -1.92331
 9.95716 1.7109 -2.30679


 9.77703 1.2292 -1.92331
 9.64275 1.30543 -3.02653


 8.45493 0.736313 -0.231447
 8.37056 0.678739 0.0164503


 8.37056 0.678739 0.0164503
 8.3712 0.601485 1.27397


 9.37585 1.3307 2.38082
 9.74281 1.90934 2.33916


 9.37585 1.3307 2.38082
 9.88057 1.17482 2.02528


 9.37585 1.3307 2.38082
 8.97847 1.03591 2.70051


 9.74281 1.90934 2.33916
 9.65972 2.06329 2.30236


 9.74281 1.90934 2.33916
 9.84688 1.76246 1.95877


 9.65972 2.06329 2.30236
 9.32687 2.43734 1.89174


 9.95716 1.7109 -2.30679
 9.80283 1.68442 -1.28689


 9.95716 1.7109 -2.30679
 9.91297 2.35153 -2.43453


 9.95716 1.7109 -2.30679
 9.54526 1.95854 -2.33307


 9.80283 1.68442 -1.28689
 9.83817 1.99194 -1.56923


 9.58987 1.38167 0.586184
 9.62987 1.91668 0.303144


 9.2125 1.33815 -0.190796
 9.05791 1.50582 -0.77946


 9.88057 1.17482 2.02528
 9.92082 0.661649 1.64274


 9.32687 2.43734 1.89174
 8.8859 2.30467 1.46246


 9.32687 2.43734 1.89174
 9.9283 2.79971 1.88402


 8.8859 2.30467 1.46246
 8.83851 2.22554 0.588912


 8.8859 2.30467 1.46246
 8.69769 2.31737 1.70837


 8.8859 2.30467 1.46246
 8.97182 2.61886 1.43488


 8.83851 2.22554 0.588912
 8.35416 2.04693 0.209346


 8.69769 2.31737 1.70837
 8.4652 2.8378 1.9804


 8.3712 0.601485 1.27397
 8.63848 1.19191 1.15815


 8.3712 0.601485 1.27397
 8.07403 0.879238 1.87248


 8.63848 1.19191 1.15815
 9.24943 0.91312 1.22709


 8.63848 1.19191 1.15815
 8.54253 1.29421 0.895167


 8.07403 0.879238 1.87248
 7.98254 1.45526 1.62694


 7.98254 1.45526 1.62694
 7.5793 1.09521 1.2961


 6.44713 1.41064 -0.191418
 7.11119 1.35812 -0.271172


 6.44713 1.41064 -0.191418
 6.47827 1.19761 0.790029


 7.11119 1.35812 -0.271172
 7.47776 1.78092 -0.564029


 7.11119 1.35812 -0.271172
 6.86795 1.17072 -0.318051


 8.53261 1.17507 -1.0984
 8.68033 1.29404 -1.17548


 9.62987 1.91668 0.303144
 9.88125 2.12592 0.838072


 7.47776 1.78092 -0.564029
 7.50971 1.52542 -0.0453414


 9.83817 1.99194 -1.56923
 9.68464 2.16419 -0.715752


 13.9838 2.42901 -1.51757
 13.9881 1.92232 -1.11895


 13.9838 2.42901 -1.51757
 13.7472 2.14454 -2.18952


 13.9881 1.92232 -1.11895
 13.9923 1.41563 -0.720336


 13.9923 1.41563 -0.720336
 13.9966 0.908943 -0.321719


 13.9966 0.908943 -0.321719
 14 0.5 0


 9.51779 2.77256 -2.17738
 9.49916 3.33421 -1.88927


 9.51779 2.77256 -2.17738
 9.19893 2.93752 -2.85615


 9.49916 3.33421 -1.88927
 9.78887 3.55359 -1.20405


 9.49916 3.33421 -1.88927
 9.15401 3.16917 -1.24239


 9.64275 1.30543 -3.02653
 9.14787 1.7845 -3.06102


 9.64275 1.30543 -3.02653
 9.98631 0.739315 -2.93891


 9.64275 1.30543 -3.02653
 9.37585 1.3307 2.38082


 9.14787 1.7845 -3.06102
 8.5756 2.14101 -3.12457


 9.91297 2.35153 -2.43453
 9.51779 2.77256 -2.17738


 9.78887 3.55359 -1.20405
 9.8752 3.51064 -0.75544


 9.15401 3.16917 -1.24239
 8.98772 3.61129 -0.779136


 9.15401 3.16917 -1.24239
 9.3389 3.30541 -0.597461


 9.8752 3.51064 -0.75544
 9.75135 4.14849 -0.642943


 9.54526 1.95854 -2.33307
 9.34675 2.10388 -2.53821


 9.34675 2.10388 -2.53821
 9.43811 2.29781 -1.56413


 8.5756 2.14101 -3.12457
 8.1114 2.01589 3.08084


 9.95297 4.55924 -1.13985
 9.98129 4.96918 -1.73005


 9.95297 4.55924 -1.13985
 9.72862 4.80851 -0.398533


 9.98129 4.96918 -1.73005
 9.55021 4.71426 -2.14046


 8.1114 2.01589 3.08084
 7.84896 1.87587 2.28636


 8.1114 2.01589 3.08084
 8.4929 1.59474 2.92255


 8.1114 2.01589 3.08084
 7.87376 1.81272 -3.12451


 8.98772 3.61129 -0.779136
 8.70928 3.57498 -1.62956


 8.97182 2.61886 1.43488
 8.89424 2.85962 0.930989


 9.55021 4.71426 -2.14046
 9.83046 4.51256 -2.08936


 9.55021 4.71426 -2.14046
 9.51996 4.60408 -1.74682


 9.55021 4.71426 -2.14046
 9.40826 4.37795 -2.82241


 9.55021 4.71426 -2.14046
 9.19689 5.29417 -2.08657


 8.70928 3.57498 -1.62956
 8.89852 3.68017 -1.66645


 9.3389 3.30541 -0.597461
 9.4769 3.57422 0.210245


 9.40826 4.37795 -2.82241
 9.62637 4.43089 -2.66335


 14.0897 5.83561 -1.99809
 14.0589 5.37764 -1.50406


 14.0897 5.83561 -1.99809
 14.3306 5.92216 -1.7322


 14.0589 5.37764 -1.50406
 14.184 4.68886 -1.51597


 14.0589 5.37764 -1.50406
 13.8338 5.36409 -0.543038


 14.184 4.68886 -1.51597
 13.9577 4.71717 -2.47197


 13.9577 4.71717 -2.47197
 14.1395 4.04146 -2.48457


 13.9577 4.71717 -2.47197
 13.4958 4.7491 -2.95788


 14.1395 4.04146 -2.48457
 13.9754 3.44239 -2.3148


 13.9754 3.44239 -2.3148
 13.9796 2.9357 -1.91619


 13.9796 2.9357 -1.91619
 13.9838 2.42901 -1.51757


 13.7472 2.14454 -2.18952
 13.3543 2.20414 -2.80679


 5.79596 3.10261 0.840601
 5.81977 3.26856 0.548075


 6.43508 3.98862 1.08969
 6.17087 3.39717 0.973236


 6.43508 3.98862 1.08969
 6.99188 3.68038 1.22886


 6.43508 3.98862 1.08969
 6.20577 4.13711 1.2386


 6.43508 3.98862 1.08969
 6.42275 4.02185 0.564173


 6.17087 3.39717 0.973236
 5.65052 3.06576 1.15142


 6.17087 3.39717 0.973236
 6.24089 3.46998 2.18323


 6.99188 3.68038 1.22886
 7.37166 3.09541 1.21169


 6.99188 3.68038 1.22886
 7.10265 3.43871 0.92321


 6.99188 3.68038 1.22886
 6.62881 3.35515 1.51567


 6.99188 3.68038 1.22886
 6.74273 3.67005 1.42347


 7.37166 3.09541 1.21169
 7.41416 3.41248 1.30054


 6.24089 3.46998 2.18323
 6.10103 3.68434 1.91622


 7.10265 3.43871 0.92321
 7.2624 3.84592 0.630354


 6.10103 3.68434 1.91622
 5.61956 4.11426 1.95


 5.16029 1.92889 -0.88948
 5.25545 2.04845 0.0331447


 5.16029 1.92889 -0.88948
 5.36818 1.87446 -1.8717


 7.27415 1.61914 2.60847
 7.24478 2.24592 2.45137


 7.24478 2.24592 2.45137
 7.35943 2.26968 2.09196


 7.24478 2.24592 2.45137
 6.8264 2.09207 2.94024


 6.3385 4.09627 -0.322805
 6.12818 3.7495 -0.390009


 5.74871 2.2446 -0.317231
 6.17286 1.93486 -0.392838


 4.47653 3.97136 0.00199363
 4.94338 3.5633 0.162089


 4.47653 3.97136 0.00199363
 4.89989 4.09069 -0.317587


 1.35548 0.860438 -0.830586
 1.00279 0.9489 -1.51538


 1.35548 0.860438 -0.830586
 1.80811 0.677495 -1.26623


 1.35548 0.860438 -0.830586
 0.965615 0.711353 -0.25336


 1.00279 0.9489 -1.51538
 1.20061 0.948836 -1.72655


 1.00279 0.9489 -1.51538
 0.783095 0.763254 -1.79721


 1.20061 0.948836 -1.72655
 1.34828 1.11675 -1.42351


 1.20061 0.948836 -1.72655
 0.967586 1.3214 -2.25972


 1.20061 0.948836 -1.72655
 1.15004 0.715235 -1.75989


 1.80811 0.677495 -1.26623
 1.65058 0.609232 -2.3349


 2.1108 1.91453 -0.733629
 2.23518 2.20276 -1.41625


 2.1108 1.91453 -0.733629
 2.48449 1.77507 -0.684636


 2.23518 2.20276 -1.41625
 2.47449 2.07055 -1.03226


 2.23518 2.20276 -1.41625
 2.10154 2.33405 -2.25224


 1.65058 0.609232 -2.3349
 1.55407 1.11023 -2.72652


 1.55407 1.11023 -2.72652
 2.05349 0.887081 -3.04455


 1.55407 1.11023 -2.72652
 1.56613 1.6933 -2.97216


 0.783095 0.763254 -1.79721
 0.760947 0.730296 -2.62192


 1.56613 1.6933 -2.97216
 1.52839 1.61756 -2.02578


 5.77215 0.547125 -1.37978
 6.1446 0.505964 -2.04239


 5.77215 0.547125 -1.37978
 6.08972 1.16448 -1.40332


 5.77215 0.547125 -1.37978
 5.63264 0.662018 -1.51763


 6.1446 0.505964 -2.04239
 6.65425 0.832257 -1.84068


 6.1446 0.505964 -2.04239
 6.07809 0.816037 -2.82017


 4.78514 1.0295 -1.99623
 5.13119 0.802594 -1.41182


 5.13119 0.802594 -1.41182
 5.77215 0.547125 -1.37978


 5.13119 0.802594 -1.41182
 5.26353 1.38455 -1.19342


 6.65425 0.832257 -1.84068
 7.29282 0.765824 -1.71268


 6.65425 0.832257 -1.84068
 6.68863 0.55169 -0.993979


 6.07809 0.816037 -2.82017
 6.36433 0.649079 2.71373


 6.07809 0.816037 -2.82017
 6.10904 0.784862 -2.82348


 6.07809 0.816037 -2.82017
 5.63641 0.595646 -2.79464


 7.29282 0.765824 -1.71268
 7.93156 0.711284 -1.58278


 6.36433 0.649079 2.71373
 6.14575 0.951562 2.04808


 6.36433 0.649079 2.71373
 6.90214 1.09275 2.73136


 6.36433 0.649079 2.71373
 6.59606 0.846194 2.47859


 6.68863 0.55169 -0.993979
 6.53734 0.758962 -0.0951714


 6.53734 0.758962 -0.0951714
 6.44713 1.41064 -0.191418


 6.53734 0.758962 -0.0951714
 6.26156 0.936682 -0.389328


 5.26353 1.38455 -1.19342
 5.16029 1.92889 -0.88948


 6.14575 0.951562 2.04808
 5.65627 0.765315 1.68347


 6.14575 0.951562 2.04808
 6.39307 0.854341 1.36064


 6.26156 0.936682 -0.389328
 6.49731 1.14018 -0.578125


 6.59606 0.846194 2.47859
 6.31583 1.45782 2.54509


 5.65627 0.765315 1.68347
 5.51358 0.861616 0.615742


 5.65627 0.765315 1.68347
 5.90552 0.632016 1.85666


 5.64169 1.94857 -2.07034
 6.06342 2.09618 -1.70904


 5.64169 1.94857 -2.07034
 5.70859 2.36149 -2.27766


 6.06342 2.09618 -1.70904
 6.53596 2.30518 -2.01617


 6.47827 1.19761 0.790029
 6.18936 1.41759 1.05087


 8.97847 1.03591 2.70051
 8.78445 0.655395 2.38528


 7.5793 1.09521 1.2961
 7.55398 0.721688 1.34843


 7.93156 0.711284 -1.58278
 8.46147 0.553083 -1.27679


 7.93156 0.711284 -1.58278
 7.65891 0.565702 -0.936616


 7.93156 0.711284 -1.58278
 7.79206 0.592747 -2.62869


 6.90214 1.09275 2.73136
 7.27415 1.61914 2.60847


 6.90214 1.09275 2.73136
 7.04528 0.996315 2.09362


 6.90214 1.09275 2.73136
 6.97425 1.24744 2.77013


 7.87376 1.81272 -3.12451
 7.95465 1.37021 -2.61215


 7.65891 0.565702 -0.936616
 7.82678 0.833746 -0.324219


 1.11696 10.0984 0.302133
 0.965622 10.2843 1.23485


 1.11696 10.0984 0.302133
 1.48013 10.0452 0.1745


 1.11696 10.0984 0.302133
 0.941021 10.0516 -0.413229


 1.11696 10.0984 0.302133
 1.41901 9.77627 0.830938


 1.11696 10.0984 0.302133
 0.932893 10.3511 0.119456


 0.965622 10.2843 1.23485
 1.01695 10.5268 2.15115


 0.965622 10.2843 1.23485
 0.886306 9.81195 1.68903


 0.965622 10.2843 1.23485
 0.724216 10.5794 1.52455


 0.81917 7.99213 0.762166
 0.760601 8.25081 1.64374


 0.81917 7.99213 0.762166
 0.62175 7.53263 0.955124


 0.81917 7.99213 0.762166
 1.39077 7.945 0.669678


 0.760601 8.25081 1.64374
 0.539106 8.03602 2.43871


 1.38981 9.13774 -0.733246
 0.981342 8.69457 -0.52662


 1.38981 9.13774 -0.733246
 1.00275 9.30274 -0.162748


 1.38981 9.13774 -0.733246
 1.43578 8.99733 0.0437695


 1.38981 9.13774 -0.733246
 1.40809 8.60073 -0.775644


 1.38981 9.13774 -0.733246
 1.32061 9.37785 -1.18351


 0.981342 8.69457 -0.52662
 0.76024 8.31636 0.00923199


 0.981342 8.69457 -0.52662
 0.505458 8.89968 -0.90224


 0.981342 8.69457 -0.52662
 0.831063 8.62329 -0.259872


 0.76024 8.31636 0.00923199
 0.830262 7.96125 -0.678896


 0.76024 8.31636 0.00923199
 0.661546 8.39011 -0.120749


 0.76024 8.31636 0.00923199
 0.81917 7.99213 0.762166


 0.830262 7.96125 -0.678896
 0.752428 7.3069 -0.584796


 0.830262 7.96125 -0.678896
 1.24352 8.09538 -1.22196


 0.830262 7.96125 -0.678896
 0.903384 7.71711 -1.00055


 1.84456 8.9223 -0.327609
 1.73648 8.99444 0.824532


 1.84456 8.9223 -0.327609
 1.38981 9.13774 -0.733246


 1.84456 8.9223 -0.327609
 1.9199 9.21807 -0.776757


 1.73648 8.99444 0.824532
 1.39588 8.75935 1.40886


 1.73648 8.99444 0.824532
 1.88174 9.3709 1.22158


 1.39588 8.75935 1.40886
 1.02187 8.91 2.01446


 1.39588 8.75935 1.40886
 1.35722 8.70623 2.25262


 1.39588 8.75935 1.40886
 1.90346 8.29599 1.44636


 1.39588 8.75935 1.40886
 1.30205 8.84307 1.33317


 1.02187 8.91 2.01446
 0.577816 8.80286 2.5129


 0.577816 8.80286 2.5129
 0.668383 8.86655 2.81632


 0.577816 8.80286 2.5129
 0.530401 8.95467 2.14177


 0.577816 8.80286 2.5129
 0.826284 9.3298 2.75976


 1.35722 8.70623 2.25262
 1.63285 9.02441 2.19534


 1.00275 9.30274 -0.162748
 0.647581 9.20178 0.410898


 0.539106 8.03602 2.43871
 0.72014 8.01226 -2.79762


 1.43578 8.99733 0.0437695
 1.60606 8.39508 0.204093


 0.62175 7.53263 0.955124
 0.764661 7.57339 0.786993


 1.60606 8.39508 0.204093
 2.07452 8.64964 0.237258


 1.40809 8.60073 -0.775644
 1.66148 8.28651 -0.791883


 1.90346 8.29599 1.44636
 1.7529 8.12522 2.10707


 2.07452 8.64964 0.237258
 2.09889 8.18025 0.433229


 0.886306 9.81195 1.68903
 1.09987 9.57164 1.69373


 0.804621 7.09623 0.358929
 0.95038 7.44928 0.291411


 0.804621 7.09623 0.358929
 0.903805 7.0194 -0.0106028


 0.935037 8.45134 -2.62928
 0.712278 8.43584 -3.05011


 0.935037 8.45134 -2.62928
 1.17235 8.5661 -2.09934


 2.16772 10.4619 0.0744194
 2.39082 10.6013 -0.811464


 2.16772 10.4619 0.0744194
 2.5275 9.90063 -0.00427049


 2.16772 10.4619 0.0744194
 1.96786 10.5756 -0.212836


 2.39082 10.6013 -0.811464
 2.31094 10.8092 -0.582359


 2.5275 9.90063 -0.00427049
 2.10347 9.37024 0.049649


 2.5275 9.90063 -0.00427049
 2.62363 9.81748 -0.454907


 2.5275 9.90063 -0.00427049
 2.65404 10.0746 -0.107643


 2.5275 9.90063 -0.00427049
 3.09982 9.60613 0.120476


 2.10347 9.37024 0.049649
 1.84456 8.9223 -0.327609


 2.10347 9.37024 0.049649
 2.33541 9.28684 -0.0160537


 1.73544 10.8188 0.0314581
 2.01779 10.8921 0.573109


 1.73544 10.8188 0.0314581
 1.64938 10.9053 -0.618812


 1.9199 9.21807 -0.776757
 2.10615 9.25259 -0.60638


 0.941021 10.0516 -0.413229
 0.992449 9.89535 -0.368967


 0.941021 10.0516 -0.413229
 0.753286 10.6334 -0.602571


 0.941021 10.0516 -0.413229
 0.945432 10.1094 -1.16217


 2.01779 10.8921 0.573109
 2.29018 10.9358 1.43339


 1.48013 10.0452 0.1745
 1.48098 10.0376 -0.363067


 2.29018 10.9358 1.43339
 2.05756 10.8128 2.31916


 1.71404 10.2805 -2.33408
 2.13355 9.84796 -2.32529


 1.71404 10.2805 -2.33408
 1.58639 9.76028 -2.56097


 1.71404 10.2805 -2.33408
 1.31199 10.7008 -2.16795


 1.71404 10.2805 -2.33408
 1.74105 10.4582 -2.73299


 2.13355 9.84796 -2.32529
 2.23399 9.85976 -1.27596


 2.31094 10.8092 -0.582359
 2.02703 10.9905 -0.684011


 2.31094 10.8092 -0.582359
 2.28216 10.7097 -0.721793


 1.31199 10.7008 -2.16795
 1.90935 10.958 -2.07389


 1.31199 10.7008 -2.16795
 1.27437 10.4694 -1.47019


 1.90935 10.958 -2.07389
 1.74561 10.9738 -1.69603


 1.32061 9.37785 -1.18351
 1.17829 9.40192 -1.12511


 2.65404 10.0746 -0.107643
 2.78209 10.0431 -0.371508


 2.61829 10.4097 2.89316
 2.40832 10.3753 -2.83423


 2.61829 10.4097 2.89316
 2.64003 10.1126 2.12843


 1.17829 9.40192 -1.12511
 1.12237 9.42836 -0.942687


 3.17011 9.51738 1.30608
 2.99811 9.32297 2.19897


 2.99811 9.32297 2.19897
 2.68378 9.01818 1.6626


 2.99811 9.32297 2.19897
 3.0655 9.53472 2.14219


 2.99811 9.32297 2.19897
 3.06974 9.35982 2.02037


 2.99811 9.32297 2.19897
 3.05822 9.08419 3.11854


 2.68378 9.01818 1.6626
 2.18786 8.69638 1.89227


 2.68378 9.01818 1.6626
 2.42951 9.08071 1.78813


 2.68378 9.01818 1.6626
 2.62744 8.57927 1.39254


 4.10546 10.1785 1.3381
 3.58917 10.4953 1.53873


 4.10546 10.1785 1.3381
 4.68328 10.4092 1.50579


 4.10546 10.1785 1.3381
 4.26716 10.1027 0.319939


 4.10546 10.1785 1.3381
 4.42312 10.1697 1.26979


 3.58917 10.4953 1.53873
 3.3742 10.357 2.43961


 3.0655 9.53472 2.14219
 3.28312 9.53243 2.28476


 2.46167 9.12173 2.90196
 2.3952 9.78107 2.81528


 2.46167 9.12173 2.90196
 2.10862 9.04271 2.98585


 2.46167 9.12173 2.90196
 2.24555 9.16913 -2.4117


 2.46167 9.12173 2.90196
 2.44753 8.74605 2.97349


 2.3952 9.78107 2.81528
 2.61829 10.4097 2.89316


 2.3952 9.78107 2.81528
 2.09353 9.54061 2.70528


 3.37527 10.0985 0.404157
 3.07438 9.85768 0.738248


 3.07438 9.85768 0.738248
 3.13552 10.0954 1.46723


 3.07438 9.85768 0.738248
 2.73291 9.71 0.981736


 3.07438 9.85768 0.738248
 3.10009 9.81604 0.681443


 1.88174 9.3709 1.22158
 2.38148 9.39512 1.12037


 1.88174 9.3709 1.22158
 1.80535 9.30546 1.82025


 2.59075 8.86005 2.65804
 2.29999 8.95225 2.41695


 1.01695 10.5268 2.15115
 0.847265 10.3141 3.01902


 1.01695 10.5268 2.15115
 1.28914 10.5636 1.98958


 1.01695 10.5268 2.15115
 0.603356 10.4245 2.08557


 1.01695 10.5268 2.15115
 1.08202 10.4294 2.67608


 0.847265 10.3141 3.01902
 1.53487 10.4493 3.02949


 0.847265 10.3141 3.01902
 1.03107 10.6424 3.13178


 0.847265 10.3141 3.01902
 0.988132 10.0515 2.9562


 1.53487 10.4493 3.02949
 1.71404 10.2805 -2.33408


 1.53487 10.4493 3.02949
 1.2221 10.2598 -2.89603


 1.58639 9.76028 -2.56097
 1.48245 9.06986 -2.57662


 1.58639 9.76028 -2.56097
 1.2565 9.94368 -2.6572


 1.48245 9.06986 -2.57662
 1.11305 9.07146 -2.50704


 1.48245 9.06986 -2.57662
 1.39574 8.91437 -3.1123


 1.28914 10.5636 1.98958
 1.49743 9.96335 2.1309


 1.28914 10.5636 1.98958
 1.3759 10.5464 1.26467


 1.28914 10.5636 1.98958
 1.2651 10.8608 2.05708


 1.28914 10.5636 1.98958
 1.35635 10.6542 2.10904


 0.826284 9.3298 2.75976
 1.15987 9.46674 2.79122


 0.826284 9.3298 2.75976
 0.603721 9.49275 2.44174


 0.826284 9.3298 2.75976
 0.830227 9.58994 -3.13173


 1.15987 9.46674 2.79122
 1.32799 9.63347 3.03902


 1.2221 10.2598 -2.89603
 0.942756 10.2082 -2.43119


 1.27437 10.4694 -1.47019
 1.29897 10.2471 -1.95634


 1.03107 10.6424 3.13178
 1.26166 10.7456 2.91711


 1.3759 10.5464 1.26467
 1.56355 10.3272 1.66885


 0.942756 10.2082 -2.43119
 0.517494 9.97506 -1.98913


 0.724216 10.5794 1.52455
 0.803089 10.9172 1.26849


 1.2651 10.8608 2.05708
 1.0358 10.8949 1.97072


 1.0358 10.8949 1.97072
 1.02272 10.7859 1.94731


 0.945432 10.1094 -1.16217
 0.617766 9.93074 -1.04318


 1.32799 9.63347 3.03902
 1.70279 9.30737 -3.11708


 6.75096 6.76039 1.39023
 7.27765 6.872 1.72548


 6.75096 6.76039 1.39023
 6.84619 6.90043 1.11397


 7.27765 6.872 1.72548
 7.35105 6.63643 2.64403


 6.84619 6.90043 1.11397
 6.93409 6.88873 1.02735


 6.06441 6.68187 1.36025
 6.75096 6.76039 1.39023


 6.06441 6.68187 1.36025
 6.17264 6.67141 2.5548


 6.25722 6.5036 0.579949
 6.42517 6.72636 0.729406


 6.25722 6.5036 0.579949
 6.27045 6.19823 0.32871


 6.25722 6.5036 0.579949
 6.29172 6.01698 1.01632


 6.17264 6.67141 2.5548
 6.40933 6.76661 2.22251


 6.17264 6.67141 2.5548
 5.8242 6.77888 2.7523


 6.40933 6.76661 2.22251
 6.26727 6.97972 1.96413


 5.8242 6.77888 2.7523
 5.7963 6.90957 -2.65612


 7.35105 6.63643 2.64403
 7.07532 6.64787 2.28425


 7.35105 6.63643 2.64403
 7.32391 6.71842 2.38765


 6.96846 6.35839 -1.53477
 7.28257 6.85492 -1.61803


 6.96846 6.35839 -1.53477
 6.62585 5.92569 -1.78532


 7.28257 6.85492 -1.61803
 6.98456 6.96145 -2.39711


 7.28257 6.85492 -1.61803
 7.3318 6.70508 -1.94239


 6.92822 6.93375 -0.648916
 6.92639 6.67938 -0.971201


 7.43741 5.23401 0.897305
 7.1374 5.34395 1.6703


 7.43741 5.23401 0.897305
 7.30502 5.33318 0.704823


 7.1374 5.34395 1.6703
 7.22966 5.701 2.33599


 7.1374 5.34395 1.6703
 6.83791 5.0446 1.78856


 6.29172 6.01698 1.01632
 6.34919 6.31466 0.944847


 6.29172 6.01698 1.01632
 6.09941 6.16013 1.49353


 6.29172 6.01698 1.01632
 6.51555 5.6114 1.1652


 6.29172 6.01698 1.01632
 6.68142 5.97647 0.46186


 6.29172 6.01698 1.01632
 6.53252 5.9956 0.845725


 5.7963 6.90957 -2.65612
 5.83088 6.30341 -2.85385


 5.83088 6.30341 -2.85385
 5.96791 6.41391 2.97729


 5.83088 6.30341 -2.85385
 6.05428 6.27354 -2.98187


 6.06391 5.46603 2.06967
 6.50549 5.65475 2.14797


 6.06391 5.46603 2.06967
 5.6296 5.58486 2.4638


 6.50549 5.65475 2.14797
 6.50696 5.87479 2.42377


 6.50696 5.87479 2.42377
 6.39883 6.08576 2.70543


 6.09941 6.16013 1.49353
 5.78056 5.99936 1.97563


 9.83958 6.03665 -0.184592
 9.94016 6.40364 0.466402


 9.83958 6.03665 -0.184592
 9.9262 6.21537 -1.19942


 9.94016 6.40364 0.466402
 9.99265 6.9816 0.717742


 9.94016 6.40364 0.466402
 9.71622 6.37183 1.42608


 5.38204 6.30963 -3.02767
 5.48138 6.44723 2.4413


 5.48138 6.44723 2.4413
 5.81887 6.46656 2.18619


 9.99265 6.9816 0.717742
 9.83263 7.60593 0.840748


 8.67009 7.70746 0.499481
 8.0126 7.52437 0.452467


 8.0126 7.52437 0.452467
 7.59736 7.53643 1.00503


 8.0126 7.52437 0.452467
 8.23204 7.0735 0.0433076


 9.71622 6.37183 1.42608
 9.76655 5.80323 1.27592


 9.76655 5.80323 1.27592
 9.51128 5.87223 0.725591


 9.76655 5.80323 1.27592
 9.96149 5.84027 2.22658


 8.8277 5.40534 -2.72748
 8.71183 5.84795 3.05872


 8.42182 8.27762 0.331181
 7.96842 8.55815 0.676876


 8.42182 8.27762 0.331181
 8.67009 7.70746 0.499481


 8.42182 8.27762 0.331181
 8.74821 8.37664 0.471804


 7.96842 8.55815 0.676876
 8.16682 8.44371 1.24097


 7.96842 8.55815 0.676876
 7.90967 9.06061 0.276598


 12.3493 9.69702 -1.97267
 12.821 9.50559 -1.5787


 12.3493 9.69702 -1.97267
 12.2395 10.0412 -2.24699


 12.821 9.50559 -1.5787
 13.1688 9.76608 -2.12165


 12.821 9.50559 -1.5787
 13.0612 8.86732 -1.62681


 13.5108 9.79281 2.64585
 14.0474 10.1933 2.71887


 13.5108 9.79281 2.64585
 13.7717 9.26248 2.41587


 14.0474 10.1933 2.71887
 13.7829 10.4374 2.0266


 14.0474 10.1933 2.71887
 14.3028 10.3948 -2.803


 13.1688 9.76608 -2.12165
 13.1811 9.53239 -3.06566


 13.1688 9.76608 -2.12165
 13.2923 10.1206 -1.46039


 13.1811 9.53239 -3.06566
 13.5108 9.79281 2.64585


 13.7717 9.26248 2.41587
 14.1565 9.52078 1.93064


 13.7717 9.26248 2.41587
 13.5938 8.71111 2.66915


 14.1565 9.52078 1.93064
 14.7933 9.72442 1.85585


 13.5938 8.71111 2.66915
 13.0099 8.40624 2.5745


 13.5938 8.71111 2.66915
 13.7779 8.29854 -3.10558


 13.2923 10.1206 -1.46039
 12.9437 10.2213 -0.774041


 14.0674 6.94468 -1.79364
 14.1085 6.44195 -2.19686


 14.0674 6.94468 -1.79364
 13.6163 6.90915 -2.23305


 14.1085 6.44195 -2.19686
 14.0897 5.83561 -1.99809


 14.1085 6.44195 -2.19686
 14.6637 6.66216 -2.41439


 14.3306 5.92216 -1.7322
 14.8818 5.96268 -1.64848


 13.6163 6.90915 -2.23305
 13.4243 6.54326 -2.81871


 13.4243 6.54326 -2.81871
 13.0264 6.45753 -3.14099


 12.6927 7.25445 -1.44514
 12.5299 7.20361 -2.51622


 12.6927 7.25445 -1.44514
 12.7156 6.77697 -0.989177


 10.4652 9.03466 -0.688001
 10.7378 9.41733 -0.215709


 10.4652 9.03466 -0.688001
 10.4907 8.75431 -1.53702


 10.7378 9.41733 -0.215709
 10.9932 9.99221 -0.11512


 10.7378 9.41733 -0.215709
 11.0753 9.31799 0.492791


 10.7378 9.41733 -0.215709
 10.2242 9.87932 -0.246107


 10.4907 8.75431 -1.53702
 11.1658 8.81357 -1.48042


 11.1658 8.81357 -1.48042
 11.2712 9.3871 -1.7262


 11.1658 8.81357 -1.48042
 11.1337 8.54582 -2.35312


 11.2712 9.3871 -1.7262
 11.8672 9.56715 -1.55933


 11.2712 9.3871 -1.7262
 10.9843 9.95062 -1.57888


 11.8672 9.56715 -1.55933
 12.3493 9.69702 -1.97267


 10.9843 9.95062 -1.57888
 11.2342 10.2734 -2.1744


 10.9843 9.95062 -1.57888
 11.0109 9.82323 -2.73063


 10.9843 9.95062 -1.57888
 10.4656 10.1805 -1.85621


 10.2242 9.87932 -0.246107
 10.5426 10.0203 0.469503


 10.2242 9.87932 -0.246107
 10.0098 10.4819 -0.113204


 10.9932 9.99221 -0.11512
 11.3078 10.4512 0.18389


 11.0109 9.82323 -2.73063
 10.8769 10.2691 3.07173


 11.0753 9.31799 0.492791
 10.56 8.83747 0.489858


 13.7749 8.67327 -0.0570882
 13.9976 8.02881 -0.00876761


 13.7749 8.67327 -0.0570882
 13.9599 9.22868 -0.298305


 13.9976 8.02881 -0.00876761
 13.9165 7.74847 0.819568


 13.0612 8.86732 -1.62681
 13.6051 8.46207 -1.68231


 13.0612 8.86732 -1.62681
 12.7985 8.85239 -0.741003


 13.0612 8.86732 -1.62681
 13.0472 8.62829 -2.35745


 13.6051 8.46207 -1.68231
 13.6912 8.02975 -1.1519


 13.6051 8.46207 -1.68231
 13.9275 8.74669 -1.13044


 13.6912 8.02975 -1.1519
 13.1639 7.6556 -1.27078


 13.6912 8.02975 -1.1519
 14.1292 8.02 -1.5898


 13.1639 7.6556 -1.27078
 13.5812 7.29868 -1.58454


 13.1639 7.6556 -1.27078
 12.6927 7.25445 -1.44514


 13.9275 8.74669 -1.13044
 13.7749 8.67327 -0.0570882


 12.7985 8.85239 -0.741003
 12.6057 8.58662 0.0143703


 12.7985 8.85239 -0.741003
 12.8186 9.00681 -1.14433


 13.5812 7.29868 -1.58454
 14.0674 6.94468 -1.79364


 14.1292 8.02 -1.5898
 13.9657 7.87684 -1.81883


 12.7156 6.77697 -0.989177
 12.3898 6.17261 -1.02806


 9.9283 2.79971 1.88402
 9.86848 3.40509 2.07939


 13.4958 4.7491 -2.95788
 13.1904 4.28479 3.02471


 9.96149 5.84027 2.22658
 9.7226 5.36713 2.03462


 9.15058 8.15928 -1.83871
 8.8986 8.58154 -2.26727


 8.8986 8.58154 -2.26727
 8.81014 8.64811 2.82529


 8.8986 8.58154 -2.26727
 8.36211 8.87187 -2.07525


 8.8986 8.58154 -2.26727
 9.45181 8.85486 -2.4452


 9.83263 7.60593 0.840748
 9.61624 7.78803 -0.00565744


 9.83263 7.60593 0.840748
 9.65732 7.39742 1.18216


 9.61624 7.78803 -0.00565744
 9.51433 8.38111 -0.214145


 9.61624 7.78803 -0.00565744
 9.34547 7.26149 -0.233505


 9.51433 8.38111 -0.214145
 9.92052 8.79544 -0.465736


 9.51433 8.38111 -0.214145
 9.08999 8.09528 -0.602921


 9.51433 8.38111 -0.214145
 8.96888 8.48326 0.0880163


 9.92052 8.79544 -0.465736
 10.4652 9.03466 -0.688001


 9.92052 8.79544 -0.465736
 9.47712 9.06351 -0.426066


 9.08999 8.09528 -0.602921
 9.15058 8.15928 -1.83871


 9.08999 8.09528 -0.602921
 8.9338 7.53013 -0.842274


 8.81014 8.64811 2.82529
 8.54371 8.65178 2.2604


 8.81014 8.64811 2.82529
 9.07438 8.06057 2.70871


 8.36211 8.87187 -2.07525
 7.83175 8.78843 -2.41351


 8.36211 8.87187 -2.07525
 8.43853 8.54007 -2.16819


 8.36211 8.87187 -2.07525
 8.30395 9.46894 -1.86301


 7.83175 8.78843 -2.41351
 7.22485 9.10924 -2.37443


 8.96888 8.48326 0.0880163
 8.42182 8.27762 0.331181


 8.96888 8.48326 0.0880163
 9.15565 8.4738 0.434103


 8.74821 8.37664 0.471804
 8.79365 9.06935 0.495449


 8.79365 9.06935 0.495449
 8.38734 9.44447 0.343331


 9.19689 5.29417 -2.08657
 8.8277 5.40534 -2.72748


 9.47712 9.06351 -0.426066
 9.32271 9.18066 -1.11658


 9.9262 6.21537 -1.19942
 9.42288 6.5331 -1.01313


 9.9262 6.21537 -1.19942
 9.64331 5.79593 -1.14833


 9.65732 7.39742 1.18216
 9.52253 7.70671 1.20793


 7.95704 9.56163 -2.55688
 8.47246 9.84104 -2.79634


 7.95704 9.56163 -2.55688
 8.29023 9.36631 -3.11234


 7.95704 9.56163 -2.55688
 7.43649 9.53966 -2.92688


 10.4656 10.1805 -1.85621
 10.255 10.0138 -2.73109


 7.43649 9.53966 -2.92688
 7.65395 9.69407 2.47768


 7.43649 9.53966 -2.92688
 7.06393 9.87432 -2.64694


 9.07438 8.06057 2.70871
 9.16639 8.12697 -3.09025


 3.55955 5.66523 1.03987
 3.52563 5.10937 0.741623


 3.55955 5.66523 1.03987
 3.85428 5.66449 0.725666


 3.52563 5.10937 0.741623
 3.56304 5.05983 2.0295


 2.40812 2.09684 0.408914
 2.18947 1.55725 0.656543


 2.40812 2.09684 0.408914
 2.20705 2.27225 -0.203253


 2.18947 1.55725 0.656543
 2.26089 1.31489 -0.250164


 2.18947 1.55725 0.656543
 2.09983 1.2571 1.44208


 2.18947 1.55725 0.656543
 2.08301 1.16113 0.38126


 3.41715 2.43968 1.36499
 3.86415 2.28813 1.83303


 3.41715 2.43968 1.36499
 3.83036 2.58 0.825736


 3.41715 2.43968 1.36499
 3.16693 2.10626 1.08194


 3.86415 2.28813 1.83303
 3.99857 2.94876 1.89671


 2.38022 2.78897 0.382276
 2.53037 2.66384 1.4034


 2.38022 2.78897 0.382276
 2.66927 3.14153 -0.117952


 2.38022 2.78897 0.382276
 2.40812 2.09684 0.408914


 2.53037 2.66384 1.4034
 3.07805 2.52983 1.68776


 2.53037 2.66384 1.4034
 2.59962 3.2253 1.67666


 3.07805 2.52983 1.68776
 3.41715 2.43968 1.36499


 3.07805 2.52983 1.68776
 3.1942 2.55107 2.86363


 3.99857 2.94876 1.89671
 4.03711 2.62142 1.69263


 3.99857 2.94876 1.89671
 3.98401 2.95947 2.11924


 3.99857 2.94876 1.89671
 4.09063 3.43959 2.30996


 3.83036 2.58 0.825736
 4.26727 2.03128 0.816536


 3.59709 3.46284 -0.101801
 4.08698 3.15572 -0.357422


 3.59709 3.46284 -0.101801
 3.69158 4.00582 0.101097


 1.79172 1.73708 1.52013
 2.05396 1.82211 1.85003


 2.05396 1.82211 1.85003
 1.80713 1.98757 2.32986


 2.09983 1.2571 1.44208
 2.20531 1.35234 2.42475


 2.09983 1.2571 1.44208
 1.76117 1.31643 1.15064


 2.20531 1.35234 2.42475
 2.35805 1.13026 2.59517


 3.94344 3.29286 -0.373184
 4.10159 3.36836 0.055442


 3.67185 3.48186 2.42209
 3.4233 3.29702 1.67695


 3.4233 3.29702 1.67695
 3.34154 3.17753 2.19403


 0.965615 0.711353 -0.25336
 0.869551 0.732163 -0.601844


 2.26089 1.31489 -0.250164
 1.83478 1.36124 -0.804951


 2.26089 1.31489 -0.250164
 1.78159 0.972807 -0.0158361


 2.26089 1.31489 -0.250164
 2.28729 0.961911 -0.249511


 1.83478 1.36124 -0.804951
 1.35548 0.860438 -0.830586


 1.78159 0.972807 -0.0158361
 1.84158 0.970821 -0.731182


 0.87989 1.92128 2.20066
 0.747275 1.56796 1.54342


 0.747275 1.56796 1.54342
 0.652926 1.00854 1.82081


 0.747275 1.56796 1.54342
 0.812227 1.50593 1.85906


 2.20705 2.27225 -0.203253
 2.1108 1.91453 -0.733629


 0.652926 1.00854 1.82081
 0.768554 0.948979 2.97271


 0.768554 0.948979 2.97271
 1.20183 0.973468 2.42861


 0.869551 0.732163 -0.601844
 0.765608 0.83711 -1.0458


 1.84158 0.970821 -0.731182
 1.60283 0.839489 -0.640363


 1.05204 1.8727 -1.04353
 1.08456 1.86288 -0.954358


 1.1535 2.77219 0.613749
 0.893117 2.99176 0.801476


 1.1535 2.77219 0.613749
 0.744744 2.54208 1.08763


 1.1535 2.77219 0.613749
 1.6118 2.72769 1.05472


 1.1535 2.77219 0.613749
 1.16119 3.02922 1.51149


 1.79055 3.05403 0.263239
 2.38022 2.78897 0.382276


 1.79055 3.05403 0.263239
 2.06134 3.16204 0.681441


 1.79055 3.05403 0.263239
 1.92056 2.87152 0.427881


 1.29915 3.05279 -0.165982
 1.1535 2.77219 0.613749


 1.29915 3.05279 -0.165982
 1.79055 3.05403 0.263239


 1.29915 3.05279 -0.165982
 1.11944 2.83023 -1.0059


 2.66927 3.14153 -0.117952
 2.70205 3.11491 0.688029


 2.66927 3.14153 -0.117952
 2.89492 3.20061 -1.06346


 0.744744 2.54208 1.08763
 0.70245 2.44563 0.000627465


 0.744744 2.54208 1.08763
 0.862397 2.46851 0.878425


 0.744744 2.54208 1.08763
 0.536388 2.61443 1.14492


 0.744744 2.54208 1.08763
 0.997166 2.36839 1.88686


 0.70245 2.44563 0.000627465
 0.615474 2.96207 -0.141357


 0.997166 2.36839 1.88686
 0.87989 1.92128 2.20066


 0.997166 2.36839 1.88686
 1.38151 2.06767 1.57958


 0.997166 2.36839 1.88686
 1.37057 2.45234 2.53343


 1.6118 2.72769 1.05472
 1.62307 2.82535 1.96651


 1.92056 2.87152 0.427881
 2.05728 2.84527 1.23981


 1.38151 2.06767 1.57958
 1.79172 1.73708 1.52013


 1.38151 2.06767 1.57958
 1.43802 2.19593 0.829897


 1.43802 2.19593 0.829897
 1.00378 2.05807 0.584551


 1.80713 1.98757 2.32986
 1.61252 1.91877 2.38235


 2.85286 4.42146 0.681856
 2.66224 4.13721 0.670743


 2.08301 1.16113 0.38126
 2.29896 1.13667 0.74607


 2.08301 1.16113 0.38126
 2.17082 0.541083 0.540832


 3.97483 0.721081 1.06414
 3.83547 0.739619 1.08407


 0.905102 6.31687 -0.737566
 1.41879 6.45665 -0.390265


 0.905102 6.31687 -0.737566
 0.776497 5.76477 -0.459296


 0.905102 6.31687 -0.737566
 0.633407 6.22472 0.100674


 1.41879 6.45665 -0.390265
 1.81676 6.28589 0.155655


 1.41879 6.45665 -0.390265
 1.43615 6.7007 0.532432


 1.41879 6.45665 -0.390265
 1.53133 6.83226 -0.331509


 2.0772 7.10276 -0.51431
 2.34552 7.04614 0.349254


 2.34552 7.04614 0.349254
 2.49982 6.84752 0.356936


 3.47516 6.09548 0.715153
 3.25515 6.59163 0.388605


 3.47516 6.09548 0.715153
 3.20327 5.95044 -0.0805616


 3.47516 6.09548 0.715153
 3.39458 6.20281 0.713832


 1.81676 6.28589 0.155655
 2.09332 5.9221 -0.12743


 1.81676 6.28589 0.155655
 1.49929 6.03778 0.761844


 0.752428 7.3069 -0.584796
 0.804621 7.09623 0.358929


 0.752428 7.3069 -0.584796
 0.894198 6.86102 -1.06108


 2.09332 5.9221 -0.12743
 2.34378 5.498 -0.150796


 2.02724 5.35005 0.657147
 2.1982 5.61209 0.585228


 2.02724 5.35005 0.657147
 1.97562 5.17164 -0.325677


 2.02724 5.35005 0.657147
 2.23748 5.59804 1.41895


 2.1982 5.61209 0.585228
 2.28343 5.87944 0.799422


 3.10603 6.08359 -0.184189
 3.00965 6.31725 -0.128727


 0.764727 4.8138 -0.451352
 0.773735 4.63051 -0.48509


 0.764727 4.8138 -0.451352
 0.584612 4.91883 0.543675


 0.764727 4.8138 -0.451352
 0.858103 4.14054 -0.398718


 0.773735 4.63051 -0.48509
 0.74811 4.40369 0.213589


 0.776497 5.76477 -0.459296
 0.896839 5.28566 -0.883354


 0.776497 5.76477 -0.459296
 0.807044 5.72763 -0.599779


 0.896839 5.28566 -0.883354
 0.764727 4.8138 -0.451352


 0.896839 5.28566 -0.883354
 1.37677 5.0879 -1.25722


 0.896839 5.28566 -0.883354
 1.10065 5.16742 -0.464605


 0.896839 5.28566 -0.883354
 0.572807 5.43589 -1.58106


 0.584612 4.91883 0.543675
 0.795455 4.92901 1.53353


 2.0564 4.08812 -0.22045
 2.00667 4.32145 0.543076


 2.0564 4.08812 -0.22045
 2.70579 4.25778 -0.290101


 2.0564 4.08812 -0.22045
 2.1396 3.74458 -0.925554


 2.00667 4.32145 0.543076
 2.14571 4.30325 0.534864


 2.00667 4.32145 0.543076
 1.88167 4.08841 1.42619


 1.44194 5.57061 0.818214
 1.33334 5.45439 0.0794914


 1.44194 5.57061 0.818214
 2.02724 5.35005 0.657147


 1.44194 5.57061 0.818214
 1.74859 5.5408 1.05137


 1.33334 5.45439 0.0794914
 1.53959 5.63528 -0.223778


 3.09153 5.93947 -1.26803
 3.02143 5.52872 -1.43238


 3.09153 5.93947 -1.26803
 3.21492 6.01313 -1.19429


 3.09153 5.93947 -1.26803
 3.06482 5.92883 -2.2464


 3.09153 5.93947 -1.26803
 3.04138 6.06388 -1.6097


 3.02143 5.52872 -1.43238
 3.0956 5.45953 -1.05122


 3.02143 5.52872 -1.43238
 3.53643 5.09906 -1.47363


 3.20327 5.95044 -0.0805616
 3.09153 5.93947 -1.26803


 3.20327 5.95044 -0.0805616
 3.10603 6.08359 -0.184189


 3.20327 5.95044 -0.0805616
 3.43703 5.37243 -0.076976


 2.70579 4.25778 -0.290101
 2.85286 4.42146 0.681856


 3.21492 6.01313 -1.19429
 3.35694 6.15725 -0.651262


 3.21492 6.01313 -1.19429
 3.64328 5.66131 -0.890905


 1.62761 5.99606 1.86676
 1.09767 5.94874 1.94869


 1.62761 5.99606 1.86676
 2.01819 6.57902 1.85815


 1.62761 5.99606 1.86676
 1.99533 6.10051 2.29938


 1.09767 5.94874 1.94869
 1.02413 6.55677 1.76158


 1.09767 5.94874 1.94869
 1.19097 5.89358 1.81309


 0.795455 4.92901 1.53353
 0.765881 5.60878 1.48233


 0.795455 4.92901 1.53353
 1.17689 5.27669 1.56527


 0.795455 4.92901 1.53353
 1.24851 4.74937 1.71315


 0.765881 5.60878 1.48233
 0.514664 5.30576 1.39061


 0.765881 5.60878 1.48233
 0.669716 5.73893 2.57072


 1.49929 6.03778 0.761844
 1.44194 5.57061 0.818214


 1.49929 6.03778 0.761844
 1.62761 5.99606 1.86676


 0.633407 6.22472 0.100674
 0.928246 6.4682 0.269447


 2.23748 5.59804 1.41895
 2.38149 5.79834 1.7644


 1.74859 5.5408 1.05137
 1.86639 5.63194 1.35191


 1.02413 6.55677 1.76158
 0.966762 7.17275 1.86143


 1.75095 5.03045 2.57258
 1.99958 5.10345 1.747


 1.75095 5.03045 2.57258
 1.51908 5.0819 2.69831


 1.75095 5.03045 2.57258
 1.75313 5.57444 2.89662


 5.36084 5.72641 1.05484
 5.14512 5.92054 0.99337


 5.36084 5.72641 1.05484
 5.2129 5.69081 1.9998


 5.36084 5.72641 1.05484
 5.31058 5.52152 0.961219


 5.36084 5.72641 1.05484
 5.55421 5.60288 1.2438


 5.14512 5.92054 0.99337
 4.96416 5.67847 0.64277


 5.14512 5.92054 0.99337
 5.26366 5.84932 -0.0152174


 4.36068 5.96129 0.452576
 3.81338 6.14358 0.710898


 4.36068 5.96129 0.452576
 4.39958 6.05379 0.565298


 4.36068 5.96129 0.452576
 4.44178 5.30947 0.354249


 4.36068 5.96129 0.452576
 4.6576 5.83782 0.0893482


 3.81338 6.14358 0.710898
 3.55955 5.66523 1.03987


 3.81338 6.14358 0.710898
 3.47516 6.09548 0.715153


 3.81338 6.14358 0.710898
 3.87652 6.05646 1.24925


 3.56304 5.05983 2.0295
 3.22306 5.00042 2.75125


 3.56304 5.05983 2.0295
 3.44581 5.10353 2.37111


 3.39458 6.20281 0.713832
 3.11328 6.05813 1.4932


 4.39958 6.05379 0.565298
 4.66889 6.05955 0.791789


 4.39958 6.05379 0.565298
 4.20838 6.33704 0.957895


 3.11328 6.05813 1.4932
 3.10972 6.1697 1.05329


 3.11328 6.05813 1.4932
 3.25679 6.46347 1.60538


 3.11328 6.05813 1.4932
 3.19058 6.06207 2.75041


 4.44178 5.30947 0.354249
 4.68217 5.3395 1.22362


 4.09063 3.43959 2.30996
 4.17651 3.63504 1.32489


 4.09063 3.43959 2.30996
 4.19248 3.59818 2.75423


 4.09063 3.43959 2.30996
 3.88666 3.37039 2.62353


 4.17651 3.63504 1.32489
 4.59102 4.10325 1.48625


 4.17651 3.63504 1.32489
 4.14162 3.80111 1.78673


 4.17651 3.63504 1.32489
 4.50398 3.0636 1.41968


 3.64328 5.66131 -0.890905
 4.07288 5.89154 -1.2023


 4.07288 5.89154 -1.2023
 3.88988 5.94764 -1.08749


 4.38841 3.67731 -0.150243
 4.32063 4.23863 -0.431462


 4.38841 3.67731 -0.150243
 4.47653 3.97136 0.00199363


 5.13241 5.48742 -2.76142
 4.7405 5.09562 -3.06511


 5.13241 5.48742 -2.76142
 5.22216 5.45992 2.94223


 5.13241 5.48742 -2.76142
 5.14376 5.1845 -2.00415


 4.59102 4.10325 1.48625
 4.90619 3.86071 1.65184


 4.19248 3.59818 2.75423
 3.89946 3.66763 3.08118


 4.85618 5.71483 -0.569049
 4.45211 5.64849 -0.685152


 4.85618 5.71483 -0.569049
 4.86111 5.70685 -1.22781


 3.27359 5.3571 -2.13649
 3.54503 5.15312 -2.69684


 1.12128 3.01317 -1.48096
 1.39954 3.14176 -2.27993


 1.12128 3.01317 -1.48096
 1.29995 2.46438 -1.73871


 1.12128 3.01317 -1.48096
 1.43871 3.08192 -1.28362


 1.39954 3.14176 -2.27993
 1.82958 3.10051 -1.73191


 1.39954 3.14176 -2.27993
 1.67445 3.71366 -2.42286


 1.23608 3.72669 -0.10765
 1.29915 3.05279 -0.165982


 1.23608 3.72669 -0.10765
 1.56209 4.18131 0.185538


 1.23608 3.72669 -0.10765
 1.45922 3.61975 -0.29463


 1.23608 3.72669 -0.10765
 1.07952 3.85658 -0.381799


 1.16119 3.02922 1.51149
 0.920983 3.6101 1.35664


 1.29995 2.46438 -1.73871
 0.922048 2.55554 -1.54053


 1.29995 2.46438 -1.73871
 1.38024 2.55231 -1.38459


 0.922048 2.55554 -1.54053
 0.541599 2.15167 -1.29217


 0.922048 2.55554 -1.54053
 0.80478 2.80222 -2.11863


 0.922048 2.55554 -1.54053
 0.899733 2.62603 -1.33966


 1.37057 2.45234 2.53343
 1.35986 2.30721 2.81046


 0.541599 2.15167 -1.29217
 1.05204 1.8727 -1.04353


 0.80478 2.80222 -2.11863
 0.83031 3.2347 -2.37933


 2.05507 2.86688 -2.49454
 1.68262 2.68524 -2.10147


 2.05507 2.86688 -2.49454
 2.02513 2.87408 -2.70726


 1.68262 2.68524 -2.10147
 1.86015 2.58473 -1.77232


 0.920983 3.6101 1.35664
 0.944826 3.60502 1.19418


 1.88167 4.08841 1.42619
 1.69402 3.99947 1.82974


 1.88167 4.08841 1.42619
 1.68984 4.09859 1.21878


 1.88167 4.08841 1.42619
 2.18065 4.19904 2.20064


 2.16043 3.20191 -0.599677
 1.7837 2.74389 -0.576805


 1.93865 2.85606 2.95718
 1.49245 2.73451 2.94154


 1.49245 2.73451 2.94154
 1.5318 3.06444 3.10161


 0.925014 3.55402 -2.85943
 1.1056 3.20626 -3.0007


 0.925014 3.55402 -2.85943
 0.919164 3.69737 2.79072


 3.30797 5.53041 -2.23174
 3.27359 5.3571 -2.13649


 1.45983 4.46972 2.42415
 1.75095 5.03045 2.57258


 2.20116 3.7635 -2.77677
 2.49347 3.67257 -1.97698


 2.20116 3.7635 -2.77677
 2.61533 3.99299 3.04137


 2.61533 3.99299 3.04137
 2.74297 4.40967 -3.04628


 2.74297 4.40967 -3.04628
 3.0388 4.34353 2.77193


 2.74297 4.40967 -3.04628
 2.6056 4.38797 3.04509


 2.21814 4.38822 -1.04077
 2.30438 4.67079 -1.86192


 3.0388 4.34353 2.77193
 3.20123 4.16855 -2.57671


 3.0388 4.34353 2.77193
 3.19006 4.26459 2.67815


 2.18065 4.19904 2.20064
 2.37356 4.48289 2.73936


 0.916394 4.18206 -1.66762
 0.624396 4.1682 -1.49728


 0.916394 4.18206 -1.66762
 1.08157 4.37571 -1.6108


 0.916394 4.18206 -1.66762
 0.73404 3.79489 -2.22372


 0.624396 4.1682 -1.49728
 0.706408 4.0336 -1.30095


 0.858103 4.14054 -0.398718
 1.23608 3.72669 -0.10765


 0.858103 4.14054 -0.398718
 0.916394 4.18206 -1.66762


 0.858103 4.14054 -0.398718
 0.561511 4.02569 -0.626662


 1.11944 2.83023 -1.0059
 1.12128 3.01317 -1.48096


 1.11944 2.83023 -1.0059
 0.798163 2.66913 -1.02133


 1.56209 4.18131 0.185538
 2.0564 4.08812 -0.22045


 1.24851 4.74937 1.71315
 1.45983 4.46972 2.42415


 1.24851 4.74937 1.71315
 1.10936 4.90942 2.22862


 1.45922 3.61975 -0.29463
 1.63977 3.55179 0.240309


 2.1396 3.74458 -0.925554
 2.16043 3.20191 -0.599677


 2.1396 3.74458 -0.925554
 2.21814 4.38822 -1.04077


 1.82958 3.10051 -1.73191
 2.05507 2.86688 -2.49454


 1.67445 3.71366 -2.42286
 2.20116 3.7635 -2.77677


 1.67445 3.71366 -2.42286
 1.27768 4.19221 -2.59161


 1.08157 4.37571 -1.6108
 0.994324 4.39042 -1.27556


 0.73404 3.79489 -2.22372
 0.925014 3.55402 -2.85943


 0.73404 3.79489 -2.22372
 0.535877 4.44379 -2.27877


 0.535877 4.44379 -2.27877
 0.584508 4.49571 -1.84641


 2.69925 3.56506 -0.966415
 2.41769 3.3648 -0.921437


 2.41769 3.3648 -0.921437
 2.22065 3.47763 -1.42003


 1.63977 3.55179 0.240309
 1.84154 3.81205 0.471274


 2.89492 3.20061 -1.06346
 3.45183 3.49371 -1.21683


 2.89492 3.20061 -1.06346
 2.69925 3.56506 -0.966415


 2.9473 3.09253 2.64178
 2.49927 2.92162 2.38537


 2.9473 3.09253 2.64178
 2.77035 2.90535 2.95308


 2.02513 2.87408 -2.70726
 2.01816 2.9969 2.63813


 3.88666 3.37039 2.62353
 3.44921 3.29441 3.00461


 3.88666 3.37039 2.62353
 3.67185 3.48186 2.42209


 2.01816 2.9969 2.63813
 1.93865 2.85606 2.95718


 4.2006 9.5548 -1.43487
 4.69883 9.77776 -1.75521


 4.2006 9.5548 -1.43487
 3.94141 9.94016 -1.91808


 4.69883 9.77776 -1.75521
 4.82375 9.35408 -1.78396


 4.69883 9.77776 -1.75521
 4.76472 10.1846 -1.16749


 4.68328 10.4092 1.50579
 4.74793 10.3835 1.1762


 4.95827 9.19827 0.441884
 4.90645 9.32668 1.57696


 4.95827 9.19827 0.441884
 4.63748 9.25396 0.45802


 4.90645 9.32668 1.57696
 4.29909 9.631 1.58864


 4.90645 9.32668 1.57696
 4.65503 9.23412 1.09141


 4.29909 9.631 1.58864
 4.10546 10.1785 1.3381


 4.29909 9.631 1.58864
 4.6302 9.59285 2.33407


 4.29909 9.631 1.58864
 4.62116 9.7943 1.74333


 4.29909 9.631 1.58864
 4.30296 9.27861 1.82786


 4.6302 9.59285 2.33407
 4.67834 8.943 2.2253


 4.30296 9.27861 1.82786
 4.34943 9.00765 1.70709


 4.26716 10.1027 0.319939
 4.95378 10.2592 0.316351


 4.26716 10.1027 0.319939
 3.95633 10.4474 0.347476


 4.30991 10.0061 -2.11966
 4.26274 10.4005 -2.73731


 4.26274 10.4005 -2.73731
 4.85712 10.292 -2.94093


 3.55448 9.33659 -2.93276
 3.82013 9.68028 2.80717


 3.82013 9.68028 2.80717
 3.88572 9.67048 2.16019


 3.82013 9.68028 2.80717
 4.29026 9.71305 2.91979


 6.76267 9.97702 3.03896
 7.1142 10.1521 2.4124


 6.76267 9.97702 3.03896
 6.2836 10.2917 2.77325


 4.29026 9.71305 2.91979
 4.28129 10.1671 2.79142


 2.24555 9.16913 -2.4117
 2.37039 9.20424 -1.65768


 2.24555 9.16913 -2.4117
 2.28488 9.07689 -2.53912


 3.22671 8.81825 -0.739354
 2.89967 8.74031 -1.38166


 3.48702 10.3024 -2.16788
 2.92744 9.92691 -2.10363


 3.48702 10.3024 -2.16788
 3.02889 10.3925 -2.54278


 2.92744 9.92691 -2.10363
 2.72965 9.78238 -2.23802


 3.05822 9.08419 3.11854
 3.36705 9.15905 3.03481


 3.05822 9.08419 3.11854
 3.05593 9.39518 -3.09784


 3.05822 9.08419 3.11854
 3.01836 8.69452 2.48993


 3.05822 9.08419 3.11854
 2.46167 9.12173 2.90196


 3.05822 9.08419 3.11854
 3.00643 9.08241 -2.893


 3.36705 9.15905 3.03481
 3.55448 9.33659 -2.93276


 3.36705 9.15905 3.03481
 3.19401 9.19872 2.9393


 3.00643 9.08241 -2.893
 3.02124 9.29827 -2.3852


 4.00779 9.45756 -0.454728
 4.2006 9.5548 -1.43487


 4.00779 9.45756 -0.454728
 4.55991 9.26825 -0.699414


 4.55991 9.26825 -0.699414
 4.50081 8.83113 -1.07243


 4.55991 9.26825 -0.699414
 4.57558 9.2471 -1.25146


 4.76472 10.1846 -1.16749
 4.8006 9.84414 -0.52268


 4.76472 10.1846 -1.16749
 4.3035 10.4309 -0.956533


 3.95243 8.76708 -0.713801
 3.91185 8.74032 -1.27803


 3.94141 9.94016 -1.91808
 4.30991 10.0061 -2.11966


 3.94141 9.94016 -1.91808
 3.82545 10.3307 -1.3208


 3.94141 9.94016 -1.91808
 3.48702 10.3024 -2.16788


 4.48465 9.00415 -3.05208
 4.2863 9.33142 -2.49029


 4.48465 9.00415 -3.05208
 4.77657 8.92554 3.02239


 4.48465 9.00415 -3.05208
 4.30162 9.1641 2.88602


 4.2863 9.33142 -2.49029
 4.42422 9.09187 -1.91258


 4.2863 9.33142 -2.49029
 4.23649 9.02818 -2.3325


 4.42422 9.09187 -1.91258
 4.14264 9.01999 -1.56511


 4.42422 9.09187 -1.91258
 4.65403 9.01078 -2.12777


 4.14264 9.01999 -1.56511
 3.86068 9.23129 -1.34473


 3.86068 9.23129 -1.34473
 3.79649 9.25525 -2.17915


 3.86068 9.23129 -1.34473
 3.69226 9.23654 -1.14371


 8.30395 9.46894 -1.86301
 7.95704 9.56163 -2.55688


 8.30395 9.46894 -1.86301
 7.82476 9.9706 -1.83847


 7.06393 9.87432 -2.64694
 6.76267 9.97702 3.03896


 7.06393 9.87432 -2.64694
 6.81261 10.2771 -2.18441


 7.22485 9.10924 -2.37443
 6.91748 9.15588 -1.58417


 3.82545 10.3307 -1.3208
 3.6517 10.3628 -0.786085


 3.74141 7.35106 -1.86215
 3.42893 7.22496 -2.60026


 3.74141 7.35106 -1.86215
 3.56466 7.64213 -1.17916


 3.74141 7.35106 -1.86215
 3.68875 6.99191 -1.92036


 3.42893 7.22496 -2.60026
 3.66809 7.7739 -2.81474


 3.42893 7.22496 -2.60026
 3.40133 7.2222 2.9188


 3.42893 7.22496 -2.60026
 3.36054 7.52915 -2.44161


 0.894198 6.86102 -1.06108
 0.540043 6.9827 -1.72416


 0.894198 6.86102 -1.06108
 0.905102 6.31687 -0.737566


 0.894198 6.86102 -1.06108
 0.664395 6.75411 -0.694014


 0.540043 6.9827 -1.72416
 0.614721 7.24442 -1.32959


 0.540043 6.9827 -1.72416
 0.942678 6.6859 -2.13577


 1.24352 8.09538 -1.22196
 1.64526 7.94794 -1.77811


 1.24352 8.09538 -1.22196
 1.43249 7.61595 -0.840597


 1.64526 7.94794 -1.77811
 2.03738 8.42176 -1.96008


 1.64526 7.94794 -1.77811
 2.08984 7.81757 -1.29268


 0.572807 5.43589 -1.58106
 0.694363 5.17345 -2.07131


 0.942678 6.6859 -2.13577
 1.12584 6.98671 -2.84342


 0.942678 6.6859 -2.13577
 1.57384 6.73568 -1.98999


 0.942678 6.6859 -2.13577
 1.10954 6.44079 -2.17168


 1.12584 6.98671 -2.84342
 0.66422 6.8543 2.9882


 1.12584 6.98671 -2.84342
 1.40842 6.43201 -2.95195


 1.12584 6.98671 -2.84342
 1.27461 7.1382 -2.49959


 0.72014 8.01226 -2.79762
 0.935037 8.45134 -2.62928


 0.72014 8.01226 -2.79762
 0.508514 7.39902 -2.68304


 2.03738 8.42176 -1.96008
 2.16879 8.42145 -2.55155


 2.08984 7.81757 -1.29268
 2.13851 7.63352 -0.857762


 3.06482 5.92883 -2.2464
 3.30797 5.53041 -2.23174


 0.669716 5.73893 2.57072
 0.829823 5.54835 3.00155


 1.57384 6.73568 -1.98999
 1.74286 6.675 -2.01617


 0.966762 7.17275 1.86143
 0.994305 7.13695 1.84297


 2.19485 7.54977 2.67421
 1.61092 7.43028 2.55324


 2.19485 7.54977 2.67421
 2.04264 7.52501 -2.50536


 2.19485 7.54977 2.67421
 1.95261 7.85521 2.9192


 1.61092 7.43028 2.55324
 1.56136 7.43702 2.00084


 1.53133 6.83226 -0.331509
 1.6422 6.65907 -0.682263


 1.40842 6.43201 -2.95195
 1.28382 6.01962 -2.55


 2.28488 9.07689 -2.53912
 2.44816 8.87818 -2.0756


 1.6422 6.65907 -0.682263
 1.64707 6.43836 -1.06759


 1.99533 6.10051 2.29938
 1.80983 5.98381 2.44495


 2.13117 5.51151 -2.74101
 2.19044 5.66694 -1.66167


 4.48548 6.8877 2.47133
 4.7606 6.89008 -2.95008


 4.48548 6.8877 2.47133
 4.42911 6.33608 2.77438


 4.48548 6.8877 2.47133
 4.37473 7.02225 2.83208


 4.7606 6.89008 -2.95008
 4.71768 6.3245 -2.67246


 4.7606 6.89008 -2.95008
 4.42016 6.81472 -2.70744


 4.71768 6.3245 -2.67246
 4.60094 5.77634 -2.96359


 4.71768 6.3245 -2.67246
 4.55713 6.41814 -1.63215


 4.71768 6.3245 -2.67246
 4.0466 6.20928 -2.62223


 4.60094 5.77634 -2.96359
 4.08491 5.58901 -2.72749


 4.60094 5.77634 -2.96359
 4.52551 6.05999 -3.0305


 4.60094 5.77634 -2.96359
 4.75834 5.90436 -2.25742


 4.60094 5.77634 -2.96359
 5.13241 5.48742 -2.76142


 3.68875 6.99191 -1.92036
 3.87082 6.6514 -2.26681


 3.68875 6.99191 -1.92036
 3.44541 7.03081 -1.27736


 3.87082 6.6514 -2.26681
 3.96843 6.65732 -2.59683


 5.18544 6.08657 -2.58085
 5.38204 6.30963 -3.02767


 3.96843 6.65732 -2.59683
 3.96154 6.93043 -2.96192


 3.1019 7.70065 1.02994
 3.26836 7.56923 1.02162


 2.44753 8.74605 2.97349
 2.41719 8.7203 3.09155


 2.44753 8.74605 2.97349
 2.464 8.06637 2.92121


 2.44753 8.74605 2.97349
 2.59075 8.86005 2.65804


 2.41719 8.7203 3.09155
 2.57674 8.50348 -2.90249


 3.66809 7.7739 -2.81474
 3.8429 7.89596 2.48283


 3.66809 7.7739 -2.81474
 3.41727 8.09471 -2.82687


 3.40133 7.2222 2.9188
 3.694 6.75715 3.00958


 3.40133 7.2222 2.9188
 3.3688 7.14308 2.26769


 3.40133 7.2222 2.9188
 3.3077 6.94584 -3.10827


 3.8429 7.89596 2.48283
 3.848 7.98179 2.95573


 2.464 8.06637 2.92121
 2.19485 7.54977 2.67421


 3.44541 7.03081 -1.27736
 3.19212 7.25479 -1.22311


 3.44541 7.03081 -1.27736
 3.78667 6.94364 -1.03399


 1.95261 7.85521 2.9192
 1.80235 8.13916 3.12702


 2.13851 7.63352 -0.857762
 2.0772 7.10276 -0.51431


 3.848 7.98179 2.95573
 3.64016 8.00761 3.07351


 2.01819 6.57902 1.85815
 2.02465 6.89929 1.84695


 3.694 6.75715 3.00958
 3.61442 6.75438 2.11152


 3.41727 8.09471 -2.82687
 3.81548 8.32602 -2.60945


 1.80235 8.13916 3.12702
 2.0018 8.29484 2.81925


 3.19058 6.06207 2.75041
 3.67083 6.16787 2.84671


 0.694363 5.17345 -2.07131
 0.841268 5.36983 -2.0714


 1.75313 5.57444 2.89662
 2.13117 5.51151 -2.74101


 0.841268 5.36983 -2.0714
 1.24837 5.38272 -1.99439


 6.01664 5.68142 -0.0974292
 6.39885 5.2335 -0.331811


 6.01664 5.68142 -0.0974292
 5.72378 5.4448 0.561574


 6.39885 5.2335 -0.331811
 6.79156 5.61224 -0.652657


 6.39885 5.2335 -0.331811
 6.99168 4.9517 -0.232577


 6.39885 5.2335 -0.331811
 6.04203 5.36548 -0.540634


 6.39885 5.2335 -0.331811
 6.50102 5.20557 0.385764


 6.79156 5.61224 -0.652657
 7.36144 5.87377 -0.810647


 6.99168 4.9517 -0.232577
 7.40885 4.60755 -0.563002


 6.99168 4.9517 -0.232577
 7.0364 5.19924 0.21161


 6.99168 4.9517 -0.232577
 6.79583 4.80085 0.106142


 6.99168 4.9517 -0.232577
 6.5946 4.36822 -0.233047


 6.99168 4.9517 -0.232577
 6.94266 4.8524 0.957975


 5.8203 6.20974 -0.382216
 6.01664 5.68142 -0.0974292


 5.8203 6.20974 -0.382216
 5.77645 6.36642 -0.22754


 5.8203 6.20974 -0.382216
 5.83195 6.0661 -1.50603


 5.8203 6.20974 -0.382216
 5.65806 6.21949 -0.541245


 7.40885 4.60755 -0.563002
 7.23882 4.67217 -1.14925


 7.40885 4.60755 -0.563002
 7.33998 4.36812 -0.553275


 7.36144 5.87377 -0.810647
 7.30928 5.56521 -1.5968


 7.36144 5.87377 -0.810647
 7.05458 6.09837 -0.501065


 7.30928 5.56521 -1.5968
 7.43058 6.20369 -1.70902


 7.30928 5.56521 -1.5968
 7.33115 5.41468 -2.70461


 7.30928 5.56521 -1.5968
 7.28675 5.50811 -1.07743


 7.43058 6.20369 -1.70902
 6.96846 6.35839 -1.53477


 6.94266 4.8524 0.957975
 7.43741 5.23401 0.897305


 6.94266 4.8524 0.957975
 6.84819 4.37504 0.808992


 6.94266 4.8524 0.957975
 7.43877 4.58326 1.24118


 6.94266 4.8524 0.957975
 6.83493 4.85117 0.960106


 7.33115 5.41468 -2.70461
 7.16387 5.52169 -2.83916


 6.76841 4.9231 -2.32715
 6.77125 4.90454 -1.52442


 6.76841 4.9231 -2.32715
 6.36782 4.89363 -2.54358


 6.76841 4.9231 -2.32715
 7.07613 4.71977 -2.77874


 7.0364 5.19924 0.21161
 7.26798 5.29198 -0.00480429


 7.04886 4.30196 -0.0407577
 7.09576 4.16181 -0.505881


 7.04886 4.30196 -0.0407577
 7.33002 4.42692 0.421712


 7.04886 4.30196 -0.0407577
 6.74993 3.97328 0.164044


 7.16387 5.52169 -2.83916
 7.13796 5.77254 -2.537


 5.77645 6.36642 -0.22754
 5.85737 6.30549 -0.0519251


 6.04203 5.36548 -0.540634
 5.91242 4.89176 -0.80257


 5.83195 6.0661 -1.50603
 6.2615 6.02996 -0.956132


 5.83195 6.0661 -1.50603
 5.73313 5.87794 -1.42844


 5.83195 6.0661 -1.50603
 5.43024 6.29252 -1.87602


 6.51555 5.6114 1.1652
 6.39837 5.38051 1.1659


 6.51555 5.6114 1.1652
 6.14285 5.6677 1.26295


 6.51555 5.6114 1.1652
 6.44136 5.52142 1.44161


 7.28675 5.50811 -1.07743
 7.48696 5.20036 -1.17526


 5.91242 4.89176 -0.80257
 6.16565 4.52885 -0.771639


 5.91242 4.89176 -0.80257
 5.98249 4.93256 -1.0708


 13.8338 5.36409 -0.543038
 13.6169 4.98758 -3.43599e-05


 12.3898 6.17261 -1.02806
 12.1116 6.46066 -0.416931


 13.6169 4.98758 -3.43599e-05
 13.1365 4.76696 -0.162566


 9.75135 4.14849 -0.642943
 9.95297 4.55924 -1.13985


 9.75135 4.14849 -0.642943
 9.37223 3.89724 -0.700323


 9.72862 4.80851 -0.398533
 9.76213 5.37084 -0.113163


 9.76213 5.37084 -0.113163
 9.83958 6.03665 -0.184592


 9.76213 5.37084 -0.113163
 9.08626 5.34935 -0.0535611


 9.08626 5.34935 -0.0535611
 9.09122 4.97625 -0.466277


 9.4769 3.57422 0.210245
 9.77878 3.04187 0.0221901


 9.4769 3.57422 0.210245
 9.18168 3.84296 0.823838


 6.84819 4.37504 0.808992
 6.43508 3.98862 1.08969


 6.20577 4.13711 1.2386
 6.4571 4.49839 1.15756


 6.20577 4.13711 1.2386
 5.83242 4.59492 1.34895


 7.43877 4.58326 1.24118
 7.17219 4.26858 1.59887


 6.4571 4.49839 1.15756
 6.5764 4.38111 0.900415


 6.36782 4.89363 -2.54358
 6.17129 4.97194 3.07267


 6.83791 5.0446 1.78856
 6.83463 5.12034 1.22461


 6.83791 5.0446 1.78856
 6.47517 5.15564 1.81611


 6.83463 5.12034 1.22461
 6.59074 5.11526 0.933346


 7.17219 4.26858 1.59887
 7.28926 4.47877 1.77596


 5.61956 4.11426 1.95
 5.54139 4.11285 1.75403


 6.02472 5.01527 1.8365
 6.21081 5.07498 2.23612


 6.02472 5.01527 1.8365
 6.06391 5.46603 2.06967


 5.43024 6.29252 -1.87602
 5.11122 6.03572 -1.81943


 5.26366 5.84932 -0.0152174
 4.85618 5.71483 -0.569049


 5.26366 5.84932 -0.0152174
 5.37368 5.27823 -0.00958895


 5.22216 5.45992 2.94223
 5.36874 5.10541 2.79956


 5.14376 5.1845 -2.00415
 4.87713 5.35123 -2.01131


 5.72378 5.4448 0.561574
 5.67391 5.04012 0.718399


 5.72378 5.4448 0.561574
 5.36084 5.72641 1.05484


 5.67391 5.04012 0.718399
 5.58669 4.68052 0.0464213


 5.58669 4.68052 0.0464213
 5.5221 4.49077 0.0931926


 5.83242 4.59492 1.34895
 6.02472 5.01527 1.8365


 5.83242 4.59492 1.34895
 5.56972 4.74506 1.2033


